x                                             y                                             y0                                  y1                                      y2                                        y3                                       y4                                             y5                                     y6                                             y7                                         y8                                             y9                                             y10                                             
-2.0                                    -2.6969583898576723                      -0.32027750932363436                      0.8640213380506218                      -0.42793118249677775                      0.06467069799421882                      0.014023830804311355                      -0.0009364191351467253                      -0.00012339156646589645                      6.263514985188887e-05                      3.3063050886787057e-06                      -2.1372611064424386e-07                      
-1.6                                    -2.825069393587126                      0.370939561116863                      0.3505039190544884                      -0.32445806570602764                      0.09271835960284153                      0.011776424879959214                      -0.0012819155212512353                      7.704091306014795e-05                      7.453784817113221e-05                      2.4514006461017303e-06                      
-1.2                                    -2.676693569140381                      0.6513426963604538                      -0.03884575979274482                      -0.1761086903414812                      0.11627120936275996                      0.008699827628956248                      -0.001066200964682821                      0.00031556202720777106                      8.336289049709844e-05                      
-0.7999999999999998                     -2.416156490596199                      0.620266088526258                      -0.25017618820252224                      0.009925244638934806                      0.13367086462067246                      0.006140945313717477                      -0.0001826272885010622                      0.0005823232767984861                      
-0.3999999999999999                     -2.168050055185696                      0.4201251379642402                      -0.23826589463580047                      0.22379862803201073                      0.1459527552481074                      0.005702639821314928                      0.001447877886534699                      
0.0                                      -2.0                                   0.22951242225559979                      0.03029245900261243                      0.4573230364289826                      0.15735803489073727                      0.009177546748998205                      
0.40000000000000036                     -1.90819503109776                      0.25374638945768974                      0.5790801027173916                      0.7090958922541623                      0.17571312838873368                      
0.8000000000000003                      -1.8066964753146841                      0.7170104716316029                      1.4299951734223861                      0.9902368976761361                      
1.2000000000000002                       -1.519892286662043                      1.8610066103695115                      2.6182794506337492                      
1.6                                    -0.7754896425142386                      3.9556301708765105                      
2.0                                     0.8067624258363653                      
